# 90 836
1.486802742352917221e+03 -3.197483825683593750e+01 1.157653331756591797e+00 -3.280003233100159576e+01
1.486804131250560431e+03 -3.446974182128906250e+01 1.155435442924499512e+00 -3.377120979734993256e+01
1.486805520147969446e+03 -3.582632827758789062e+01 1.155952215194702148e+00 -3.466540846322074998e+01
1.486806909045612883e+03 -3.547594070434570312e+01 1.156286120414733887e+00 -3.548156447369099453e+01
1.486808297943256093e+03 -3.433548355102539062e+01 1.155995011329650879e+00 -3.621889262444111068e+01
1.486809686840898166e+03 -3.605770111083984375e+01 1.155358552932739258e+00 -3.687688892792762374e+01
1.486811075738308546e+03 -3.539621734619140625e+01 1.155511975288391113e+00 -3.745533010978618904e+01
1.486812464635951756e+03 -3.766756057739257812e+01 1.155222296714782715e+00 -3.795427150286334950e+01
1.486813853533593829e+03 -3.741773605346679688e+01 1.154382824897766113e+00 -3.837404180404047338e+01
1.486815242431004435e+03 -3.818621063232421875e+01 1.155073285102844238e+00 -3.871523667772191857e+01
1.486816631328647645e+03 -3.749401473999023438e+01 1.155558705329895020e+00 -3.897871023292531589e+01
1.486818020226289491e+03 -3.914891052246093750e+01 1.154599785804748535e+00 -3.916556450246988419e+01
1.486819409123700098e+03 -3.749164199829101562e+01 1.155549287796020508e+00 -3.927713846239211648e+01
1.486820798021343535e+03 -3.992673110961914062e+01 1.153741478919982910e+00 -3.931499651368253012e+01
1.486822186918985381e+03 -3.777447891235351562e+01 1.154916763305664062e+00 -3.928091748731954169e+01
1.486823575816395305e+03 -3.888859176635742188e+01 1.154465556144714355e+00 -3.917688560977406098e+01
1.486824964714038515e+03 -3.999872207641601562e+01 1.154021859169006348e+00 -3.900508417249959336e+01
1.486826353611448440e+03 -3.999535369873046875e+01 1.153843522071838379e+00 -3.876789346945841430e+01
1.486827742509090967e+03 -3.768747711181640625e+01 1.155091524124145508e+00 -3.846789314859378095e+01
1.486829131406501347e+03 -4.110694122314453125e+01 1.154452323913574219e+00 -3.810787012764449599e+01
1.486830520304143874e+03 -3.809193420410156250e+01 1.154985904693603516e+00 -3.769083024919095237e+01
1.486831909201553799e+03 -3.808480834960937500e+01 1.154473423957824707e+00 -3.722001374315553335e+01
1.486833298099197009e+03 -3.645832824707031250e+01 1.155831336975097656e+00 -3.669891004916480881e+01
1.486834686996606933e+03 -3.682035446166992188e+01 1.155067920684814453e+00 -3.613127079481093062e+01
1.486836075894249689e+03 -3.622994613647460938e+01 1.155720472335815430e+00 -3.552111440575211532e+01
1.486837464791660068e+03 -3.656807708740234375e+01 1.155235290527343750e+00 -3.487272099597693398e+01
1.486838853689302823e+03 -3.337109756469726562e+01 1.156600236892700195e+00 -3.419061083995811146e+01
1.486840242586712520e+03 -3.371735000610351562e+01 1.156632184982299805e+00 -3.347950708058267111e+01
1.486841631484123127e+03 -3.296396255493164062e+01 1.156452059745788574e+00 -3.274427834709925378e+01
1.486843020381765655e+03 -3.399658584594726562e+01 1.156787276268005371e+00 -3.198986500183842452e+01
1.486844409279175352e+03 -3.064643478393554688e+01 1.157779574394226074e+00 -3.122119096242492731e+01
1.486845798176585959e+03 -3.116523361206054688e+01 1.157814264297485352e+00 -3.044306469695512618e+01
1.486847187074228486e+03 -2.979187393188476562e+01 1.157875418663024902e+00 -2.966007782917290569e+01
1.486848575971638411e+03 -1.774555397033691406e+01 1.163198947906494141e+00 -2.761792524862460851e+01
1.486849964869048790e+03 8.029904174804687500e+01 1.203378319740295410e+00 -2.690065677506570196e+01
1.486851353766691545e+03 6.985607910156250000e+01 1.199593305587768555e+00 -2.617664267257846689e+01
1.486852742664101243e+03 4.884745025634765625e+01 1.191037893295288086e+00 -2.544754774904378536e+01
1.486854131561511849e+03 2.556701850891113281e+01 1.181538105010986328e+00 -2.471502076209097964e+01
1.486855520459154377e+03 1.447512817382812500e+01 1.176702022552490234e+00 -2.398065092703760470e+01
1.486856909356564074e+03 5.709420680999755859e+00 1.173114180564880371e+00 -2.324592312556394802e+01
1.486858298253974681e+03 4.702528953552246094e+00 1.172558784484863281e+00 -2.251217434882935109e+01
1.486859687151384378e+03 -9.659174084663391113e-01 1.170131564140319824e+00 -2.178055648690801860e+01
1.486861076048794303e+03 -2.839239597320556641e+00 1.169468879699707031e+00 -2.105200538687490663e+01
1.486862464946437512e+03 -5.832572460174560547e+00 1.169005036354064941e+00 -2.032721761637268543e+01
1.486863853843847437e+03 -5.981841087341308594e+00 1.168037772178649902e+00 -1.960663553555486160e+01
1.486865242741257362e+03 -7.699997425079345703e+00 1.166671037673950195e+00 -1.889043828458325436e+01
1.486866631638667741e+03 -6.430335521697998047e+00 1.167611002922058105e+00 -1.817854021327281089e+01
1.486868020536077438e+03 -6.470084190368652344e+00 1.167716264724731445e+00 -1.747059389997407308e+01
1.486869409433487135e+03 -9.142823219299316406e+00 1.166917443275451660e+00 -1.676599750414509060e+01
1.486870798330897742e+03 -9.804842948913574219e+00 1.166586875915527344e+00 -1.606390549586933503e+01
1.486872187228540270e+03 -9.663616180419921875e+00 1.166493177413940430e+00 -1.536324198860739010e+01
1.486873576125950194e+03 -1.095395660400390625e+01 1.166373968124389648e+00 -1.466271690351217316e+01
1.486874965023360573e+03 -6.563597202301025391e+00 1.168735742568969727e+00 -1.396084289602450568e+01
1.486876353920770498e+03 -5.771456241607666016e+00 1.167978525161743164e+00 -1.325595517994204720e+01
1.486877742818180423e+03 -4.869412422180175781e+00 1.167599916458129883e+00 -1.254623235001284343e+01
1.486879131715590802e+03 -4.950901031494140625e+00 1.168175458908081055e+00 -1.182971880637584405e+01
1.486880520613000726e+03 -5.676947593688964844e+00 1.167953968048095703e+00 -1.110434856280884119e+01
1.486881909510410424e+03 -7.639570236206054688e+00 1.168060302734375000e+00 -1.036797032740088831e+01
1.486883298407821030e+03 -6.941478252410888672e+00 1.167425274848937988e+00 -9.618373728662810151e+00
1.486884687305231409e+03 -5.474604129791259766e+00 1.167909622192382812e+00 -8.853316530420984876e+00
1.486886076202641334e+03 -7.123219490051269531e+00 1.167486906051635742e+00 -8.070552644116935070e+00
1.486887465099818201e+03 -5.724278450012207031e+00 1.168117403984069824e+00 -7.267860862670616484e+00
1.486888853997228807e+03 -6.904946327209472656e+00 1.167994141578674316e+00 -6.443073250057773649e+00
1.486890242894638504e+03 -5.090596199035644531e+00 1.169782876968383789e+00 -5.594104935767507669e+00
1.486891631792048202e+03 -7.592086195945739746e-01 1.170127987861633301e+00 -4.718982307257091335e+00
1.486893020689458581e+03 -3.069460630416870117e+00 1.170160412788391113e+00 -3.815871286637184667e+00
1.486894409586868505e+03 -2.722903728485107422e+00 1.169159770011901855e+00 -2.883104535622793563e+00
1.486895798484278430e+03 -6.418005228042602539e-01 1.169966340065002441e+00 -1.919207360469243895e+00
1.486897187381688809e+03 -9.518253803253173828e-01 1.170458436012268066e+00 -9.229219671884614229e-01
1.486898576278865903e+03 1.263458609580993652e+00 1.171372294425964355e+00 1.067701040482482711e-01
1.486899965176275600e+03 4.827519416809082031e+00 1.172381758689880371e+00 1.170628736554046867e+00
1.486901354073686207e+03 2.871482849121093750e+00 1.172664880752563477e+00 2.269136870915122728e+00
1.486902742971095904e+03 3.996318578720092773e+00 1.172796845436096191e+00 3.402486722916098216e+00
1.486904131868272771e+03 5.493827342987060547e+00 1.173143029212951660e+00 4.570568043026357330e+00
1.486905520765683377e+03 7.473989009857177734e+00 1.173942923545837402e+00 5.772960793926529277e+00
1.486906909663093074e+03 8.556931495666503906e+00 1.174444079399108887e+00 7.008929264067376153e+00
1.486908298560502999e+03 9.485014915466308594e+00 1.174489259719848633e+00 8.277421616613267474e+00
1.486909687457680548e+03 9.420374870300292969e+00 1.175016164779663086e+00 9.577071708965823049e+00
1.486911076355090472e+03 1.019275665283203125e+01 1.175480127334594727e+00 1.090620555508103884e+01
1.486912465252500169e+03 1.247727584838867188e+01 1.175442576408386230e+00 1.226284867940430345e+01
1.486913854149677945e+03 1.538291740417480469e+01 1.177177667617797852e+00 1.364473800634669054e+01
1.486915243047087642e+03 1.456167221069335938e+01 1.177061676979064941e+00 1.504933571546063220e+01
1.486916631944497340e+03 1.692859840393066406e+01 1.178075909614562988e+00 1.647384193519085827e+01
1.486918020841675116e+03 1.728710365295410156e+01 1.178248405456542969e+00 1.791520927920098316e+01
1.486919409739084813e+03 2.145934295654296875e+01 1.179517149925231934e+00 1.937015596076108181e+01
1.486920798636261907e+03 2.223884582519531250e+01 1.180011391639709473e+00 2.083517378983890111e+01
1.486922187533672286e+03 2.186854743957519531e+01 1.180040955543518066e+00 2.230653617871958261e+01
1.486923576430849380e+03 2.408459663391113281e+01 1.181083083152770996e+00 2.378029819323312921e+01
1.486924965328259304e+03 2.561075019836425781e+01 1.181298971176147461e+00 2.525229681907203982e+01
1.486926354225669684e+03 2.709010887145996094e+01 1.182182908058166504e+00 2.671814504883030139e+01
1.486927743122846778e+03 2.719342422485351562e+01 1.182075142860412598e+00 2.817322816897505078e+01
1.486929132020256475e+03 2.793846321105957031e+01 1.182948350906372070e+00 2.961270280202765548e+01
1.486930520917434251e+03 3.041590499877929688e+01 1.183109998703002930e+00 3.103149987569686630e+01
1.486931909814611117e+03 3.164666175842285156e+01 1.184485077857971191e+00 3.242434101484658981e+01
1.486933298712020814e+03 3.257735061645507812e+01 1.185160160064697266e+00 3.378576572910030507e+01
1.486934687609198363e+03 3.282418823242187500e+01 1.184246063232421875e+00 3.511017402998972869e+01
1.486936076506608288e+03 3.731832504272460938e+01 1.186527371406555176e+00 3.639188723739250975e+01
1.486937465403785382e+03 3.467537689208984375e+01 1.184696793556213379e+00 3.762522009558466607e+01
1.486938854301195761e+03 3.933915328979492188e+01 1.187537312507629395e+00 3.880456783541852417e+01
1.486940243198372855e+03 3.987120437622070312e+01 1.186471343040466309e+00 3.992449647664919610e+01
1.486941632095549721e+03 3.995613861083984375e+01 1.187337160110473633e+00 4.097983677916738543e+01
1.486943020992960328e+03 4.265568542480468750e+01 1.188349127769470215e+00 4.196577028049275526e+01
1.486944409890137194e+03 4.277225112915039062e+01 1.188560366630554199e+00 4.287790357120834983e+01
1.486945798787314061e+03 4.218406295776367188e+01 1.189111471176147461e+00 4.371232709592565158e+01
1.486947187684724668e+03 4.381375885009765625e+01 1.189004778861999512e+00 4.446565223749065865e+01
1.486948576581901534e+03 4.674475097656250000e+01 1.190267920494079590e+00 4.513502730228391613e+01
1.486949965479078628e+03 4.561800003051757812e+01 1.190689802169799805e+00 4.571813420204296108e+01
1.486951354376256177e+03 4.616621398925781250e+01 1.189974665641784668e+00 4.621316628067639698e+01
1.486952743273666101e+03 4.761692428588867188e+01 1.190200567245483398e+00 4.661879347243203142e+01
1.486954132170842968e+03 4.995000076293945312e+01 1.190971732139587402e+00 4.693411853992657257e+01
1.486955521068020744e+03 4.867681503295898438e+01 1.191076040267944336e+00 4.715863045308709900e+01
1.486956909965197610e+03 4.630123519897460938e+01 1.190490007400512695e+00 4.729215790015217635e+01
1.486958298862607307e+03 4.820212936401367188e+01 1.191079378128051758e+00 4.733482726695292797e+01
1.486959687759785083e+03 4.809383392333984375e+01 1.190779089927673340e+00 4.728702656714922625e+01
1.486961076656961950e+03 4.968408966064453125e+01 1.191203355789184570e+00 4.714937603024615953e+01
1.486962465554138362e+03 4.952731323242187500e+01 1.191169857978820801e+00 4.692270456054670547e+01
1.486963854451316138e+03 4.880548095703125000e+01 1.191031336784362793e+00 4.660803070432484674e+01
1.486965243348493686e+03 4.751828002929687500e+01 1.190523862838745117e+00 4.620654610773122783e+01
1.486966632245669871e+03 4.653582000732421875e+01 1.189791560173034668e+00 4.571959953321158565e+01
1.486968021143080477e+03 4.591921615600585938e+01 1.189461469650268555e+00 4.514867977237213381e+01
1.486969410040258254e+03 4.368333435058593750e+01 1.188862800598144531e+00 4.449539715832173670e+01
1.486970798937434438e+03 4.679077529907226562e+01 1.189814329147338867e+00 4.376146207311015957e+01
1.486972187834611987e+03 4.506948471069335938e+01 1.189388155937194824e+00 4.294866300822208416e+01
1.486973576731789763e+03 4.550710296630859375e+01 1.188892364501953125e+00 4.205884404650195307e+01
1.486974965628965947e+03 4.578894424438476562e+01 1.189520120620727539e+00 4.109388395107860248e+01
1.486976354526143723e+03 4.097053527832031250e+01 1.187672853469848633e+00 4.005567854850888665e+01
1.486977743423321272e+03 4.231456756591796875e+01 1.188170313835144043e+00 3.894612804906705605e+01
1.486979132320497456e+03 4.242424011230468750e+01 1.188663125038146973e+00 3.776713054622327093e+01
1.486980521217675232e+03 4.117379760742187500e+01 1.188006043434143066e+00 3.652058245408129267e+01
1.486981910114853008e+03 3.877631378173828125e+01 1.187496662139892578e+00 3.520838605426534684e+01
1.486983299012029192e+03 3.957910156250000000e+01 1.186924457550048828e+00 3.383246371299586031e+01
1.486984687908973910e+03 3.628271484375000000e+01 1.186391592025756836e+00 3.239477809996893143e+01
1.486986076806151686e+03 3.524824905395507812e+01 1.186031699180603027e+00 3.089735564430750969e+01
1.486987465703328098e+03 3.424947738647460938e+01 1.185225844383239746e+00 2.934231528388075816e+01
1.486988854600505647e+03 3.344998168945312500e+01 1.184137225151062012e+00 2.773189603364700773e+01
1.486990243497683196e+03 3.216247558593750000e+01 1.184621572494506836e+00 2.606848534757610736e+01
1.486991632394860289e+03 2.943153190612792969e+01 1.183336973190307617e+00 2.435464532963771234e+01
1.486993021292037838e+03 2.780818939208984375e+01 1.181810617446899414e+00 2.259313577759103353e+01
1.486994410188982101e+03 2.592835807800292969e+01 1.181173205375671387e+00 2.078693337198744828e+01
1.486995799086158968e+03 2.687773323059082031e+01 1.181759953498840332e+00 1.893924446954775576e+01
1.486997187983336744e+03 2.540549659729003906e+01 1.181399345397949219e+00 1.705351567561486092e+01
1.486998576880513610e+03 2.172693824768066406e+01 1.180799007415771484e+00 1.513343602028660584e+01
1.486999965777690477e+03 2.115023803710937500e+01 1.180086016654968262e+00 1.318293537217707367e+01
1.487001354674635422e+03 2.051525306701660156e+01 1.179423809051513672e+00 1.120617797358880452e+01
1.487002743571812289e+03 1.664185523986816406e+01 1.177703976631164551e+00 9.207549868597286746e+00
1.487004132468989383e+03 1.749036598205566406e+01 1.177828311920166016e+00 7.191645773079846649e+00
1.487005521365934101e+03 1.836185073852539062e+01 1.178577899932861328e+00 5.163249747676346146e+00
1.487006910263111195e+03 1.638727951049804688e+01 1.177114009857177734e+00 3.127313196637615533e+00
1.487008299160288288e+03 1.326474475860595703e+01 1.175953149795532227e+00 1.088933898328203753e+00
1.487009688057233006e+03 1.283907318115234375e+01 1.177195787429809570e+00 -9.466695585953477377e-01
1.487011076954410100e+03 1.045346069335937500e+01 1.175867319107055664e+00 -2.974184492949616399e+00
1.487012465851586967e+03 6.931751728057861328e+00 1.173658967018127441e+00 -4.988228653374893184e+00
1.487013854748531912e+03 6.840306758880615234e+00 1.173716783523559570e+00 -6.983378543209850520e+00
1.487015243645708779e+03 5.178288459777832031e+00 1.172973752021789551e+00 -8.954198392008061447e+00
1.487016632542885645e+03 4.252579212188720703e+00 1.172920823097229004e+00 -1.089526690098807649e+01
1.487018021439830363e+03 1.244847893714904785e+00 1.170739531517028809e+00 -1.280120791510963585e+01
1.487019410337007457e+03 4.075203537940979004e-01 1.170335531234741211e+00 -1.466672209568142904e+01
1.487020799233951720e+03 -1.945926904678344727e+00 1.170051574707031250e+00 -1.648661671249573857e+01
1.487022188131129269e+03 -1.008270144462585449e+00 1.169981241226196289e+00 -1.825584154447557239e+01
1.487023577028073532e+03 -2.501566886901855469e+00 1.170618295669555664e+00 -1.996952127519580245e+01
1.487024965925250399e+03 -6.012475967407226562e+00 1.167829036712646484e+00 -2.162299400954137241e+01
1.487026354822195344e+03 -7.144051551818847656e+00 1.168194651603698730e+00 -2.321184612440452355e+01
1.487027743719372211e+03 -7.708345413208007812e+00 1.168110013008117676e+00 -2.473195209297929154e+01
1.487029132616316247e+03 -1.103261089324951172e+01 1.166298508644104004e+00 -2.617950967888449298e+01
1.487030521513494023e+03 -1.027493476867675781e+01 1.166676640510559082e+00 -2.755107799080591491e+01
1.487031910410438059e+03 -1.210674667358398438e+01 1.165760278701782227e+00 -2.884360909369188164e+01
1.487033299307382322e+03 -1.191030025482177734e+01 1.166032195091247559e+00 -3.005447944966110896e+01
1.487034688204559870e+03 -1.639371299743652344e+01 1.163715839385986328e+00 -3.118151390453993699e+01
1.487036077101504134e+03 -1.430793952941894531e+01 1.164676904678344727e+00 -3.222300369792874619e+01
1.487037465998681000e+03 -1.649603271484375000e+01 1.163533091545104980e+00 -3.317771912527422984e+01
1.487038854895625946e+03 -1.798343467712402344e+01 1.162959575653076172e+00 -3.404491184600888687e+01
1.487040243792569981e+03 -1.721465110778808594e+01 1.163837671279907227e+00 -3.482431203313029755e+01
1.487041632689746848e+03 -1.848431396484375000e+01 1.163151383399963379e+00 -3.551611661099607176e+01
1.487043021586691793e+03 -2.111630821228027344e+01 1.162099599838256836e+00 -3.612097154133265065e+01
1.487044410483635829e+03 -1.949840545654296875e+01 1.162313342094421387e+00 -3.663995028794309405e+01
1.487045799380580092e+03 -1.859689712524414062e+01 1.162549972534179688e+00 -3.707452794896038029e+01
1.487047188277757641e+03 -2.061749649047851562e+01 1.161976814270019531e+00 -3.742655450543996665e+01
1.487048577174701904e+03 -1.711348152160644531e+01 1.162849783897399902e+00 -3.769822749716156096e+01
1.487049966071646168e+03 -1.896887969970703125e+01 1.162725090980529785e+00 -3.789206593791449507e+01
1.487051354968590886e+03 -1.996145057678222656e+01 1.162272810935974121e+00 -3.801088443730237998e+01
1.487140244369304810e+03 1.147643470764160156e+01 1.176115393638610840e+00 5.183145552610790574e+00
1.487141633266016925e+03 1.317299365997314453e+01 1.176476359367370605e+00 6.402873762954008896e+00
1.487143022162727675e+03 1.074242305755615234e+01 1.175408363342285156e+00 7.655677522125037271e+00
1.487144411059672393e+03 1.008584117889404297e+01 1.175962805747985840e+00 8.940343595131405863e+00
1.487145799956384280e+03 1.369570064544677734e+01 1.176670551300048828e+00 1.025534647111947528e+01
1.487147188853095031e+03 1.713438796997070312e+01 1.177972912788391113e+00 1.159885686779249525e+01
1.487148577749807146e+03 1.563335609436035156e+01 1.177256584167480469e+00 1.296875094415872454e+01
1.487149966646519033e+03 1.730464172363281250e+01 1.177754998207092285e+00 1.436262283448797028e+01
1.487151355543462387e+03 1.775926399230957031e+01 1.178298830986022949e+00 1.577779864785489039e+01
1.487152744440174502e+03 1.732830619812011719e+01 1.178442597389221191e+00 1.721134963931403306e+01
1.487154133336886616e+03 2.065272712707519531e+01 1.179944038391113281e+00 1.866010688288643848e+01
1.487155522233597139e+03 2.084717941284179688e+01 1.179710388183593750e+00 2.012067146737450685e+01
1.487156911130309027e+03 2.299889755249023438e+01 1.180378198623657227e+00 2.158942265458829723e+01
1.487158300027021141e+03 2.368565559387207031e+01 1.180325388908386230e+00 2.306252186523849446e+01
1.487159688923731665e+03 2.449533462524414062e+01 1.181192636489868164e+00 2.453591269164823174e+01
1.487161077820443779e+03 2.685575103759765625e+01 1.182782411575317383e+00 2.600531771031633355e+01
1.487162466717155667e+03 2.612403869628906250e+01 1.181588053703308105e+00 2.746623381433765942e+01
1.487163855613866190e+03 2.729298591613769531e+01 1.182626247406005859e+00 2.891392875943488150e+01
1.487165244510578304e+03 2.877150344848632812e+01 1.183077692985534668e+00 3.034344227539120809e+01
1.487166633407290419e+03 3.026227188110351562e+01 1.183444857597351074e+00 3.174959543000932527e+01
1.487168022304000942e+03 3.322734451293945312e+01 1.183574199676513672e+00 3.312701177315258150e+01
1.487169411200712830e+03 3.445626068115234375e+01 1.184588551521301270e+00 3.447015296729949796e+01
1.487170800097424944e+03 3.411904907226562500e+01 1.184912443161010742e+00 3.577337028199734448e+01
1.487172188994135695e+03 3.545373153686523438e+01 1.185368299484252930e+00 3.703097162617652316e+01
1.487173577890847582e+03 3.779553985595703125e+01 1.186987638473510742e+00 3.823730183091144852e+01
1.487174966787559470e+03 3.921707153320312500e+01 1.186975598335266113e+00 3.938683207383375873e+01
1.487176355684270220e+03 3.958614730834960938e+01 1.187957882881164551e+00 4.047425293537077096e+01
1.487177744580982335e+03 4.187442016601562500e+01 1.188528656959533691e+00 4.149456473855894956e+01
1.487179133477694222e+03 4.040034484863281250e+01 1.188140630722045898e+00 4.244315879666093849e+01
1.487180522374171915e+03 4.344062423706054688e+01 1.189307212829589844e+00 4.331588384530160596e+01
1.487181911270883802e+03 4.379085922241210938e+01 1.189098596572875977e+00 4.410909435641219289e+01
1.487183300167595917e+03 4.466364669799804688e+01 1.189136028289794922e+00 4.481967636159600943e+01
1.487184689064306667e+03 4.620779800415039062e+01 1.190421342849731445e+00 4.544505365720796419e+01
1.487186077961018555e+03 4.622617721557617188e+01 1.189587950706481934e+00 4.598317410760132873e+01
1.487187466857730442e+03 4.566502761840820312e+01 1.189286231994628906e+00 4.643248053903437267e+01
1.487188855754208362e+03 4.726033401489257812e+01 1.190834641456604004e+00 4.679187067645429465e+01
1.487190244650920476e+03 4.504153060913085938e+01 1.189748525619506836e+00 4.706065146327453874e+01
1.487191633547632364e+03 4.817402267456054688e+01 1.190189480781555176e+00 4.723849160883774800e+01
1.487193022444110056e+03 4.650786590576171875e+01 1.189694404602050781e+00 4.732537741510345342e+01
1.487194411340822171e+03 4.959432983398437500e+01 1.191452145576477051e+00 4.732157360047040129e+01
1.487195800237534286e+03 4.964962387084960938e+01 1.190729260444641113e+00 4.722759055442793397e+01
1.487197189134244809e+03 4.928269577026367188e+01 1.190768122673034668e+00 4.704415815711260507e+01
1.487198578030723866e+03 4.811397933959960938e+01 1.190487623214721680e+00 4.677220482122690726e+01
1.487199966927435980e+03 4.905469894409179688e+01 1.191460609436035156e+00 4.641283978614762873e+01
1.487201355823913673e+03 4.784691619873046875e+01 1.190593838691711426e+00 4.596733744420866685e+01
1.487202744720625788e+03 4.550878906250000000e+01 1.190031409263610840e+00 4.543712052006099356e+01
1.487204133617337675e+03 4.534711074829101562e+01 1.189106822013854980e+00 4.482374266571564903e+01
1.487205522513816277e+03 4.455856704711914062e+01 1.188567996025085449e+00 4.412886833402041020e+01
1.487206911410528164e+03 4.241742324829101562e+01 1.187690377235412598e+00 4.335425061340237107e+01
1.487208300307006766e+03 4.107033157348632812e+01 1.188084244728088379e+00 4.250170951848964052e+01
1.487209689203717971e+03 4.470668792724609375e+01 1.189704895019531250e+00 4.157310907864153648e+01
1.487211078100197255e+03 4.268455886840820312e+01 1.189601898193359375e+00 4.057033904313512096e+01
1.487212466996908461e+03 4.001511383056640625e+01 1.187816739082336426e+00 3.949529836951337813e+01
1.487213855893386835e+03 3.676031112670898438e+01 1.186318874359130859e+00 3.834988692350150075e+01
1.487215244790098950e+03 3.599696731567382812e+01 1.186005473136901855e+00 3.713600104535119328e+01
1.487216633686577325e+03 3.676521301269531250e+01 1.185482978820800781e+00 3.585553918665840456e+01
1.487218022583288757e+03 3.603610229492187500e+01 1.185502767562866211e+00 3.451041133204202538e+01
1.487219411479767814e+03 3.228670120239257812e+01 1.183678388595581055e+00 3.310255803503592631e+01
1.487220800376479247e+03 3.218430328369140625e+01 1.184456944465637207e+00 3.163397105649989882e+01
1.487222189272957621e+03 3.064834785461425781e+01 1.183553934097290039e+00 3.010672135481429024e+01
1.487223578169436905e+03 2.967668533325195312e+01 1.183447718620300293e+00 2.852298552937671161e+01
1.487224967066148110e+03 2.779892349243164062e+01 1.183365821838378906e+00 2.688507503548720479e+01
1.487226355962626485e+03 2.820935249328613281e+01 1.183392167091369629e+00 2.519546435989705913e+01
1.487227744859338600e+03 2.354044532775878906e+01 1.181023359298706055e+00 2.345681381150299671e+01
1.487229133755816974e+03 2.264046859741210938e+01 1.180765628814697266e+00 2.167199280218490287e+01
1.487230522652295576e+03 2.156464958190917969e+01 1.180433630943298340e+00 1.984409427219580024e+01
1.487231911549007464e+03 1.986977577209472656e+01 1.178937673568725586e+00 1.797644688542332503e+01
1.487233300445486066e+03 1.981624031066894531e+01 1.178673982620239258e+00 1.607262199512349099e+01
1.487234689341964668e+03 1.399507999420166016e+01 1.177077651023864746e+00 1.413643241202167111e+01
1.487236078238443724e+03 1.694851112365722656e+01 1.177990794181823730e+00 1.217192919706389098e+01
1.487237467135155157e+03 1.412627506256103516e+01 1.177453756332397461e+00 1.018339186959238418e+01
1.487238856031633532e+03 1.118839073181152344e+01 1.176115632057189941e+00 8.175316436349611138e+00
1.487240244928112816e+03 1.092975521087646484e+01 1.175190329551696777e+00 6.152396538134263793e+00
1.487241633824591190e+03 7.232049942016601562e+00 1.174064993858337402e+00 4.119505015972135809e+00
1.487243022721069565e+03 8.058502197265625000e+00 1.173821091651916504e+00 2.081671489181591284e+00
1.487244411617780997e+03 5.569878578186035156e+00 1.173069119453430176e+00 4.405816561825481870e-02
1.487245800514259372e+03 4.711336612701416016e+00 1.172247409820556641e+00 -1.988063969402098508e+00
1.487247189410738656e+03 1.422606706619262695e+00 1.171195030212402344e+00 -4.009343375613427796e+00
1.487248578307217031e+03 -1.629315495491027832e+00 1.170469164848327637e+00 -6.014373533509198566e+00
1.487249967203695405e+03 -3.726348876953125000e+00 1.170021891593933105e+00 -7.997720937974017730e+00
1.487251356100174689e+03 -5.591859340667724609e+00 1.168731570243835449e+00 -9.953953454609143492e+00
1.487252744996653064e+03 -8.215429306030273438e+00 1.168011188507080078e+00 -1.187766950429458568e+01
1.487254133893131666e+03 -7.260770320892333984e+00 1.167004585266113281e+00 -1.376352825611593111e+01
1.487255522789610723e+03 -1.335978984832763672e+01 1.165748000144958496e+00 -1.560628099042671302e+01
1.487256911686089325e+03 -1.411202812194824219e+01 1.164249181747436523e+00 -1.740080381156650091e+01
1.487258300582567927e+03 -1.430855178833007812e+01 1.164534211158752441e+00 -1.914213179358026196e+01
1.487259689479046983e+03 -1.514794731140136719e+01 1.164296865463256836e+00 -2.082549451036253174e+01
1.487261078375525358e+03 -1.928174018859863281e+01 1.162495970726013184e+00 -2.244635274405970549e+01
1.487262467272003732e+03 -1.927752685546875000e+01 1.162682652473449707e+00 -2.400043595665235330e+01
1.487263856168483017e+03 -2.192223548889160156e+01 1.161404252052307129e+00 -2.548377985958772030e+01
1.487265245064961391e+03 -2.417443466186523438e+01 1.161344647407531738e+00 -2.689276319969180662e+01
1.487266633961439993e+03 -2.195478439331054688e+01 1.161250352859497070e+00 -2.822414267657202913e+01
1.487268022857919050e+03 -2.323922920227050781e+01 1.160834550857543945e+00 -2.947508472702398308e+01
1.487269411754397652e+03 -2.442257881164550781e+01 1.160303831100463867e+00 -3.064319288486916548e+01
1.487270800650876254e+03 -2.696657371520996094e+01 1.159428000450134277e+00 -3.172652946452303269e+01
1.487272189547355310e+03 -2.612189102172851562e+01 1.159479260444641113e+00 -3.272363050409743579e+01
1.487273578443833912e+03 -2.783285140991210938e+01 1.159148573875427246e+00 -3.363351324105612150e+01
1.487274967340079456e+03 -2.821586418151855469e+01 1.159347414970397949e+00 -3.445567570530949553e+01
1.487276356236558740e+03 -2.980228805541992188e+01 1.158442854881286621e+00 -3.519008945442658387e+01
1.487277745133037115e+03 -3.005992889404296875e+01 1.158263087272644043e+00 -3.583718418495828928e+01
1.487279134029515490e+03 -3.131174659729003906e+01 1.158019185066223145e+00 -3.639782821366654986e+01
1.487280522925994774e+03 -3.057773590087890625e+01 1.158215999603271484e+00 -3.687330426883583812e+01
1.487281911822240318e+03 -3.230883407592773438e+01 1.157353520393371582e+00 -3.726528306009790725e+01
1.487283300718718920e+03 -3.237921905517578125e+01 1.157029271125793457e+00 -3.757579637100572256e+01
1.487284689615197976e+03 -3.092061614990234375e+01 1.158038735389709473e+00 -3.780720983755503539e+01
1.487286078511676578e+03 -3.188576698303222656e+01 1.156906723976135254e+00 -3.796219723152827186e+01
1.487287467407922122e+03 -2.853737449645996094e+01 1.158838272094726562e+00 -3.804371497602210184e+01
1.487288856304401406e+03 -3.231618499755859375e+01 1.157405495643615723e+00 -3.805497638005272876e+01
1.487290245200879781e+03 -3.156333541870117188e+01 1.157443046569824219e+00 -3.799942374946785151e+01
1.487291634097125325e+03 -3.206275939941406250e+01 1.157066941261291504e+00 -3.788069674526417430e+01
1.487293022993604609e+03 -3.138159561157226562e+01 1.157383203506469727e+00 -3.770259474942561440e+01
1.487294411890082984e+03 -2.948881721496582031e+01 1.158987283706665039e+00 -3.746903230026388343e+01
1.487295800786328755e+03 -3.228049850463867188e+01 1.157224416732788086e+00 -3.718398676435530348e+01
1.487297189682807812e+03 -2.996472930908203125e+01 1.158472418785095215e+00 -3.685143897995590834e+01
1.487298578579053583e+03 -2.981147956848144531e+01 1.158646702766418457e+00 -3.647530970903511616e+01
1.487299967475532185e+03 -3.101841735839843750e+01 1.157256126403808594e+00 -3.605939399576008242e+01
1.487301356371778411e+03 -3.057980155944824219e+01 1.158046960830688477e+00 -3.560729961600061699e+01
1.487302745268256785e+03 -3.151332473754882812e+01 1.157706737518310547e+00 -3.512239256319649172e+01
1.487304134164735160e+03 -3.237714767456054688e+01 1.157147645950317383e+00 -3.460775650366277034e+01
1.487305523060981614e+03 -3.193478202819824219e+01 1.157193899154663086e+00 -3.406616839213838688e+01
1.487306911957459988e+03 -2.949685859680175781e+01 1.158620715141296387e+00 -3.350009338985348961e+01
1.487308300853705759e+03 -2.976361274719238281e+01 1.159037709236145020e+00 -3.291170069457272263e+01
1.487309689749951986e+03 -3.066933250427246094e+01 1.158764004707336426e+00 -3.230289649130724428e+01
1.487311078646430587e+03 -2.958011054992675781e+01 1.158959865570068359e+00 -3.167537263293129968e+01
1.487312467542676359e+03 -2.634537506103515625e+01 1.160066008567810059e+00 -3.103066492347705818e+01
1.487313856439155416e+03 -2.639860343933105469e+01 1.159513473510742188e+00 -3.037021358717972674e+01
1.487315245335401187e+03 -2.616753959655761719e+01 1.159663081169128418e+00 -2.969542209256348286e+01
1.487316634231880244e+03 -2.639584541320800781e+01 1.159844636917114258e+00 -2.900770505205974104e+01
1.487318023128126470e+03 -2.297454452514648438e+01 1.161199450492858887e+00 -2.830852411793105716e+01
1.487319412024371559e+03 -2.396634674072265625e+01 1.161430120468139648e+00 -2.759940555573492560e+01
1.487320800920850843e+03 -2.147144317626953125e+01 1.161473631858825684e+00 -2.688194154090306398e+01
1.487322189817097069e+03 -2.166291046142578125e+01 1.161450505256652832e+00 -2.615777521908924186e+01
1.487323578713341931e+03 -2.318936920166015625e+01 1.160979390144348145e+00 -2.542857114284713305e+01
1.487324967609820987e+03 -1.836223411560058594e+01 1.163131713867187500e+00 -2.469597708591697582e+01
1.487326356506067441e+03 -2.158494567871093750e+01 1.161524891853332520e+00 -2.396158047862395790e+01
1.487327745402312530e+03 -1.768497276306152344e+01 1.163334012031555176e+00 -2.322686252668826512e+01
1.487329134298558756e+03 -1.772035789489746094e+01 1.163407921791076660e+00 -2.249315598259959970e+01
1.487330523195037813e+03 -1.669087219238281250e+01 1.164254307746887207e+00 -2.176160736117493855e+01
1.487331912091282902e+03 -1.807028388977050781e+01 1.163315773010253906e+00 -2.103314680548318449e+01
1.487333300987529356e+03 -1.815897178649902344e+01 1.163418173789978027e+00 -2.030846443456146844e+01
1.487334689883775582e+03 -1.508338356018066406e+01 1.164213299751281738e+00 -1.958799561935875744e+01
1.487336078780020443e+03 -1.944418144226074219e+01 1.162784695625305176e+00 -1.887191274938126995e+01
1.487337467676266897e+03 -1.698098373413085938e+01 1.164259910583496094e+00 -1.816012332097438531e+01
1.487338856572746181e+03 -1.550867176055908203e+01 1.163650631904602051e+00 -1.745227308463004334e+01
1.487340245468991043e+03 -1.220592689514160156e+01 1.165145874023437500e+00 -1.674775396826744256e+01
1.487341634365237269e+03 -1.473782253265380859e+01 1.164352416992187500e+00 -1.604571416979005960e+01
1.487343023261483722e+03 -1.439149570465087891e+01 1.165305018424987793e+00 -1.534507214886426851e+01
1.487344412157728584e+03 -1.307595729827880859e+01 1.165777087211608887e+00 -1.464453225733841535e+01
1.487345801053975038e+03 -1.253938865661621094e+01 1.165768384933471680e+00 -1.394260241234590580e+01
1.487347189950221264e+03 -1.111471271514892578e+01 1.165529131889343262e+00 -1.323761349809271515e+01
1.487348578846466125e+03 -1.117628860473632812e+01 1.165805816650390625e+00 -1.252774034402137637e+01
1.487349967742712579e+03 -8.930217742919921875e+00 1.166229724884033203e+00 -1.181102418386559272e+01
1.487351356638959032e+03 -1.145828437805175781e+01 1.167006611824035645e+00 -1.108539650203055338e+01
1.487352745535203894e+03 -7.006424427032470703e+00 1.168065547943115234e+00 -1.034870414458688437e+01
1.487354134431450120e+03 -8.620652198791503906e+00 1.167157173156738281e+00 -9.598735570446880416e+00
1.487355523327696574e+03 -6.382698059082031250e+00 1.168065547943115234e+00 -8.833248092257717232e+00
1.487356912223941663e+03 -6.991260051727294922e+00 1.167301416397094727e+00 -8.049995906434181947e+00
1.487358301120187889e+03 -6.628926277160644531e+00 1.167957067489624023e+00 -7.246758699660738046e+00
1.487359690016434115e+03 -5.760121345520019531e+00 1.168314218521118164e+00 -6.421370589611452573e+00
1.487361078912679204e+03 -5.688512325286865234e+00 1.167889356613159180e+00 -5.571749105589551831e+00
1.487362467808925658e+03 -5.446420192718505859e+00 1.168218135833740234e+00 -4.695923905428167622e+00
1.487363856705171884e+03 -2.220032453536987305e+00 1.169702529907226562e+00 -3.792064902430114515e+00
1.487365245601416746e+03 1.422989666461944580e-01 1.170515537261962891e+00 -2.858509437343115245e+00
1.487366634497430141e+03 -8.655115962028503418e-01 1.170550346374511719e+00 -1.893788308937827125e+00
1.487368023393676594e+03 -1.541852951049804688e+00 1.169549942016601562e+00 -8.966493337387859697e-01
1.487369412289921684e+03 5.082324743270874023e-01 1.171345353126525879e+00 1.339194844085511704e-01
1.487370801186167910e+03 1.904799580574035645e+00 1.171641111373901367e+00 1.198670723226102908e+00
1.487372190082414136e+03 2.459673643112182617e+00 1.172080755233764648e+00 2.298080117836942549e+00
1.487373578978426394e+03 4.919806957244873047e+00 1.173576712608337402e+00 3.432331984107417355e+00
1.487374967874672848e+03 3.642409324645996094e+00 1.173072099685668945e+00 4.601308694361039286e+00
1.487376356770919074e+03 5.042039871215820312e+00 1.173135280609130859e+00 5.804581507330652812e+00
1.487377745667163936e+03 7.894299507141113281e+00 1.174337983131408691e+00 7.041406706973951657e+00
1.487379134563177558e+03 8.302739143371582031e+00 1.174147367477416992e+00 8.310724060196506002e+00
1.487380523459424012e+03 1.048248577117919922e+01 1.174914479255676270e+00 9.611159990851270152e+00
1.487381912355668874e+03 1.016549205780029297e+01 1.175419211387634277e+00 1.094103197635432068e+01
1.487383301251681587e+03 1.366414642333984375e+01 1.175981402397155762e+00 1.229835790143374297e+01
1.487384690147928040e+03 1.306960105895996094e+01 1.177488803863525391e+00 1.368086807286750251e+01
1.487386079044173584e+03 1.375712490081787109e+01 1.175780653953552246e+00 1.508601703407719263e+01
1.487387467940186298e+03 1.762638473510742188e+01 1.178228497505187988e+00 1.651099832373637000e+01
1.487388856836432751e+03 1.744012451171875000e+01 1.178079605102539062e+00 1.795275904339099782e+01
1.487390245732445464e+03 1.934009933471679688e+01 1.178386211395263672e+00 1.940801049789753208e+01
1.487391634628691236e+03 1.979334259033203125e+01 1.178804755210876465e+00 2.087323973638133268e+01
1.487393023524704631e+03 2.177396392822265625e+01 1.179060697555541992e+00 2.234471355812517146e+01
1.487394412420950403e+03 2.481753730773925781e+01 1.181158423423767090e+00 2.381848238346684354e+01
1.487395801317196174e+03 2.310527801513671875e+01 1.181021451950073242e+00 2.529037674199585695e+01
1.487397190213209569e+03 2.744332885742187500e+01 1.182415723800659180e+00 2.675600379035536491e+01
1.487398579109455341e+03 2.770073699951171875e+01 1.182094931602478027e+00 2.821074361924025453e+01
1.487399968005468054e+03 2.893371391296386719e+01 1.182766199111938477e+00 2.964974597152414404e+01
1.487401356901481677e+03 3.104568290710449219e+01 1.183527827262878418e+00 3.106793683775177328e+01
1.487402745797727221e+03 3.396847915649414062e+01 1.184482455253601074e+00 3.246003271092568099e+01
1.487404134693739934e+03 3.280220794677734375e+01 1.184863090515136719e+00 3.382056820991885360e+01
1.487405523589986160e+03 3.387228393554687500e+01 1.184992194175720215e+00 3.514394139479604462e+01
1.487406912485999101e+03 3.458684158325195312e+01 1.185686469078063965e+00 3.642447157533279523e+01
1.487408301382244872e+03 3.814110183715820312e+01 1.185982823371887207e+00 3.765647531412174942e+01
1.487409690278258267e+03 3.776505661010742188e+01 1.186588287353515625e+00 3.883435029974479846e+01
1.487411079174271208e+03 3.873388290405273438e+01 1.186403393745422363e+00 3.995266885870796614e+01
1.487412468070516752e+03 3.798042297363281250e+01 1.186696767807006836e+00 4.100626976540144852e+01
1.487413856966530375e+03 4.251063156127929688e+01 1.189281463623046875e+00 4.199034419982172750e+01
1.487415245862543088e+03 4.392052078247070312e+01 1.188692808151245117e+00 4.290051114887516803e+01
1.487416634758788632e+03 4.359410858154296875e+01 1.188177824020385742e+00 4.373287413898374609e+01
1.487418023654802255e+03 4.179009628295898438e+01 1.187934756278991699e+00 4.448405796444610161e+01
1.487419412550814968e+03 4.403785324096679688e+01 1.189060807228088379e+00 4.515122528229453991e+01
1.487420801446827909e+03 4.330345916748046875e+01 1.188704252243041992e+00 4.573207146603564155e+01
1.487422190343074135e+03 4.613802719116210938e+01 1.189985156059265137e+00 4.622480276918472697e+01
1.487423579239087758e+03 4.598201751708984375e+01 1.189608812332153320e+00 4.662810069157763593e+01
1.487424968135100471e+03 4.648826217651367188e+01 1.189757823944091797e+00 4.694107881743403254e+01
1.487426357031113412e+03 4.791331863403320312e+01 1.190531611442565918e+00 4.716323541225975191e+01
1.487427745927126807e+03 4.864495468139648438e+01 1.191332697868347168e+00 4.729440738122158905e+01
1.487429134823139748e+03 4.670845031738281250e+01 1.190414309501647949e+00 4.733472831094375977e+01
1.487430523719385292e+03 4.853750228881835938e+01 1.191051602363586426e+00 4.728459256777317421e+01
1.487431912615398915e+03 4.638816070556640625e+01 1.190330386161804199e+00 4.714462605814851059e+01
1.487433301511411628e+03 4.652180862426757812e+01 1.189839243888854980e+00 4.691566281851167020e+01
1.487434690407424341e+03 4.447049713134765625e+01 1.189301371574401855e+00 4.659872607657167265e+01
1.487436079303437964e+03 4.361822891235351562e+01 1.188705086708068848e+00 4.619501174546325473e+01
1.487437468199450677e+03 4.584783935546875000e+01 1.189183712005615234e+00 4.570587243309320513e+01
1.487438857095463618e+03 4.499518966674804688e+01 1.189616799354553223e+00 4.513280041670486753e+01
1.487440245991477013e+03 4.403548049926757812e+01 1.189477443695068359e+00 4.447740870185023709e+01
1.487441634887489954e+03 4.176811599731445312e+01 1.188295722007751465e+00 4.374141005907716817e+01
1.487443023783502895e+03 4.037599182128906250e+01 1.187436819076538086e+00 4.292659469559656316e+01
1.487444412679516290e+03 4.291746139526367188e+01 1.188447833061218262e+00 4.203480783955559730e+01
1.487445801575529003e+03 4.001656723022460938e+01 1.187882065773010254e+00 4.106792889460075457e+01
1.487447190471541717e+03 4.014783859252929688e+01 1.187467932701110840e+00 4.002785393322105989e+01
1.487448579367555340e+03 3.581760025024414062e+01 1.185995697975158691e+00 3.891648315721596418e+01
1.487449968263568053e+03 3.723561096191406250e+01 1.185901880264282227e+00 3.773571457601798329e+01
1.487451357159580994e+03 3.656715774536132812e+01 1.186058521270751953e+00 3.648744462711617587e+01
1.487452746055594389e+03 3.420138168334960938e+01 1.184871196746826172e+00 3.517357589912029425e+01
1.487454134951607330e+03 3.482686614990234375e+01 1.184973239898681641e+00 3.379603151534116279e+01
1.487455523847620270e+03 3.535616302490234375e+01 1.185572028160095215e+00 3.235677524187763510e+01
1.487456912743400835e+03 3.204935455322265625e+01 1.184305191040039062e+00 3.085783626182525552e+01
1.487458301639413776e+03 2.989940071105957031e+01 1.183562040328979492e+00 2.930133552024694055e+01
1.487459690535426489e+03 2.666658020019531250e+01 1.182175040245056152e+00 2.768951576684663962e+01
1.487461079431440112e+03 2.549043083190917969e+01 1.181562423706054688e+00 2.602476864657798927e+01
1.487462468327452825e+03 2.413606262207031250e+01 1.181076645851135254e+00 2.430966109915311080e+01
1.487463857223232708e+03 2.304783630371093750e+01 1.180120944976806641e+00 2.254695859971289451e+01
1.487465246119246331e+03 2.370005416870117188e+01 1.180474638938903809e+00 2.073964273221529098e+01
1.487466635015259044e+03 2.040366554260253906e+01 1.179787397384643555e+00 1.889092685021465101e+01
1.487468023911271985e+03 1.784948158264160156e+01 1.178586721420288086e+00 1.700426351085404519e+01
1.487469412807052549e+03 1.655868339538574219e+01 1.177559971809387207e+00 1.508334833272151343e+01
1.487470801703065490e+03 1.438314723968505859e+01 1.177791714668273926e+00 1.313211669243719015e+01
1.487472190599078203e+03 1.309364891052246094e+01 1.176220178604125977e+00 1.115473873130534699e+01
1.487473579494858996e+03 1.167065906524658203e+01 1.175878047943115234e+00 9.155607055762349233e+00
1.487474968390871709e+03 8.302355766296386719e+00 1.175437092781066895e+00 7.139320515002989254e+00
1.487476357286884422e+03 5.745186805725097656e+00 1.173415660858154297e+00 5.110667777966426684e+00
1.487477746182665214e+03 6.466178417205810547e+00 1.173744797706604004e+00 3.074605313006850693e+00
1.487479135078677928e+03 3.485252380371093750e+00 1.172929286956787109e+00 1.036233305826694817e+00
1.487480523974458038e+03 2.784479856491088867e+00 1.171392440795898438e+00 -9.992265405383005117e-01
1.487481912870471433e+03 -2.015774399042129517e-01 1.171077013015747070e+00 -3.026459449249396805e+00
1.487483301766484374e+03 -3.826371669769287109e+00 1.169580340385437012e+00 -5.040081767234250165e+00
1.487484690662264484e+03 -3.377723932266235352e+00 1.168851494789123535e+00 -7.034669311906105449e+00
1.487486079558277879e+03 -8.223164558410644531e+00 1.168002486228942871e+00 -9.004786364078309902e+00
1.487487468454057762e+03 -9.874001502990722656e+00 1.165968298912048340e+00 -1.094501210238307820e+01
1.487488857350070475e+03 -1.072388935089111328e+01 1.166243791580200195e+00 -1.284997292217604503e+01
1.487490246245851267e+03 -1.206653785705566406e+01 1.166567683219909668e+00 -1.471437060449465406e+01
1.487491635141863981e+03 -1.583516311645507812e+01 1.164114832878112793e+00 -1.653301690421948678e+01
1.487493024037644091e+03 -1.668260002136230469e+01 1.163922190666198730e+00 -1.830086450353029903e+01
1.487494412933424655e+03 -1.704087638854980469e+01 1.163504838943481445e+00 -2.001304402944503735e+01
1.487495801829437596e+03 -2.010099220275878906e+01 1.162464499473571777e+00 -2.166489927225445555e+01
1.487497190725217706e+03 -2.052260398864746094e+01 1.161470174789428711e+00 -2.325202356522293456e+01
1.487498579621231102e+03 -2.200472068786621094e+01 1.162477731704711914e+00 -2.477029931136121021e+01
1.487499968517011212e+03 -2.240144157409667969e+01 1.160907387733459473e+00 -2.621593315174952465e+01
1.487501357412791094e+03 -2.410979270935058594e+01 1.160778522491455078e+00 -2.758549375231456224e+01
1.487502746308804717e+03 -2.397844886779785156e+01 1.160615563392639160e+00 -2.887594445391883369e+01
1.487504135204584600e+03 -2.743995857238769531e+01 1.159435868263244629e+00 -3.008467235683765040e+01
1.487505524100364482e+03 -2.804522705078125000e+01 1.158813476562500000e+00 -3.120951421931239622e+01
1.487506912996378105e+03 -2.884946823120117188e+01 1.159603714942932129e+00 -3.224877408332871198e+01
1.487508301892157988e+03 -2.846683883666992188e+01 1.159555673599243164e+00 -3.320123399325191826e+01
1.487509690787938098e+03 -3.095125007629394531e+01 1.158535122871398926e+00 -3.406615854908623220e+01
1.487511079683718663e+03 -3.151531410217285156e+01 1.157310605049133301e+00 -3.484328999244679181e+01
1.487512468579731603e+03 -3.197169876098632812e+01 1.157269001007080078e+00 -3.553283710180687649e+01
1.487513857475511486e+03 -3.193807601928710938e+01 1.157857298851013184e+00 -3.613545717275923153e+01
1.487515246371292278e+03 -3.366328048706054688e+01 1.156882405281066895e+00 -3.665223437822717756e+01
1.487516635267072161e+03 -3.230286026000976562e+01 1.157287120819091797e+00 -3.708465383902570522e+01
1.487518024162852043e+03 -3.309760665893554688e+01 1.157470345497131348e+00 -3.743457480397971437e+01
1.487519413058865666e+03 -3.435968780517578125e+01 1.155634403228759766e+00 -3.770420359430948309e+01
1.487520801954645549e+03 -3.583911895751953125e+01 1.155942559242248535e+00 -3.789606701972370217e+01
1.487522190850425659e+03 -3.321179962158203125e+01 1.156934499740600586e+00 -3.801298703795885814e+01
1.487523579746206224e+03 -3.472768783569335938e+01 1.156008839607238770e+00 -3.805805511619064418e+01
1.487524968641986334e+03 -3.463647079467773438e+01 1.156724095344543457e+00 -3.803460567802541448e+01
1.487536079808228124e+03 -3.357466506958007812e+01 1.156392455101013184e+00 -3.583182634587145543e+01
1.487537468704008234e+03 -3.517449569702148438e+01 1.156305551528930664e+00 -3.536249984338724062e+01
1.487538857599788344e+03 -3.592788696289062500e+01 1.155809760093688965e+00 -3.486197952644121045e+01
1.487540246495568908e+03 -3.259657287597656250e+01 1.156902790069580078e+00 -3.433319350564034522e+01
1.487541635391349018e+03 -3.533364486694335938e+01 1.156925678253173828e+00 -3.377875819727915996e+01
1.487543024287128901e+03 -3.152886962890625000e+01 1.157564043998718262e+00 -3.320098383921576612e+01
1.487544413182909693e+03 -3.132040023803710938e+01 1.157778620719909668e+00 -3.260189945232494324e+01
1.487545802078689576e+03 -3.089649009704589844e+01 1.157879948616027832e+00 -3.198329460751791942e+01
1.487547190974236628e+03 -3.027942848205566406e+01 1.158491134643554688e+00 -3.134677357569848510e+01
1.487548579870017420e+03 -2.881538772583007812e+01 1.158428907394409180e+00 -3.069381534223081331e+01
1.487549968765797303e+03 -3.059833717346191406e+01 1.158499002456665039e+00 -3.002583458755781010e+01
1.487551357661577413e+03 -2.688186645507812500e+01 1.159969687461853027e+00 -2.934423518750406501e+01
1.487552746557357978e+03 -2.557107734680175781e+01 1.160415053367614746e+00 -2.865045250321096404e+01
1.487554135452905257e+03 -2.730271339416503906e+01 1.159095168113708496e+00 -2.794598019577798453e+01
1.487555524348685140e+03 -2.633227729797363281e+01 1.160027980804443359e+00 -2.723237916690646188e+01
1.487556913244465932e+03 -2.417680740356445312e+01 1.160928726196289062e+00 -2.651127062851577065e+01
1.487558302140245814e+03 -2.221004867553710938e+01 1.161098361015319824e+00 -2.578431295970973025e+01
1.487559691035792866e+03 -2.166658592224121094e+01 1.161824226379394531e+00 -2.505316760692943845e+01
1.487561079931573659e+03 -2.158364295959472656e+01 1.161953568458557129e+00 -2.431945674053848094e+01
1.487562468827353541e+03 -2.170602989196777344e+01 1.161814689636230469e+00 -2.358471893751223902e+01
1.487563857722900821e+03 -2.065287971496582031e+01 1.162125825881958008e+00 -2.285036451047250949e+01
1.487565246618681385e+03 -1.824735260009765625e+01 1.163354873657226562e+00 -2.211763479476269723e+01
1.487566635514461495e+03 -2.120078468322753906e+01 1.161924004554748535e+00 -2.138756873855773932e+01
1.487568024410008775e+03 -1.967792510986328125e+01 1.162572622299194336e+00 -2.066097581809578543e+01
1.487569413305789340e+03 -1.809325981140136719e+01 1.163529276847839355e+00 -1.993841675057394980e+01
1.487570802201336392e+03 -1.754313278198242188e+01 1.163397908210754395e+00 -1.922019287299681167e+01
1.487572191097116274e+03 -1.746095657348632812e+01 1.163408994674682617e+00 -1.850634036811538152e+01
1.487573579992897066e+03 -1.887659263610839844e+01 1.163071036338806152e+00 -1.779663198039915883e+01
1.487574968888444118e+03 -1.656143951416015625e+01 1.164071917533874512e+00 -1.709058217856784978e+01
1.487576357784224228e+03 -1.355079746246337891e+01 1.165186882019042969e+00 -1.638745606601288429e+01
1.487577746679771963e+03 -1.504792308807373047e+01 1.164403915405273438e+00 -1.568628247354253347e+01
1.487579135575552073e+03 -1.503544044494628906e+01 1.164693593978881836e+00 -1.498586772392340727e+01
1.487580524471099352e+03 -1.289544200897216797e+01 1.165390849113464355e+00 -1.428481334146902704e+01
1.487581913366879917e+03 -1.310988521575927734e+01 1.165104389190673828e+00 -1.358153369103431984e+01
1.487583302262427196e+03 -1.165281486511230469e+01 1.165652155876159668e+00 -1.287427714367073150e+01
1.487584691157974248e+03 -1.126145362854003906e+01 1.166296958923339844e+00 -1.216114700306047958e+01
1.487586080053755040e+03 -1.116288661956787109e+01 1.165403723716735840e+00 -1.144012503668412251e+01
1.487587468949302092e+03 -1.024567890167236328e+01 1.166563153266906738e+00 -1.070909635367844892e+01
1.487588857845081975e+03 -1.067395401000976562e+01 1.166265845298767090e+00 -9.965874267476859671e+00
1.487590246740629937e+03 -8.182113647460937500e+00 1.167844533920288086e+00 -9.208228058348977285e+00
1.487591635636176989e+03 -7.211984157562255859e+00 1.167623162269592285e+00 -8.433909777365688143e+00
1.487593024531957099e+03 -6.306264400482177734e+00 1.167477369308471680e+00 -7.640682961601807932e+00
1.487594413427504833e+03 -5.993099212646484375e+00 1.168580770492553711e+00 -6.826351857845414095e+00
1.487595802323052112e+03 -9.016837120056152344e+00 1.167488574981689453e+00 -5.988789622498935650e+00
1.487597191218831995e+03 -5.686061382293701172e+00 1.169824242591857910e+00 -5.125967589459490270e+00
1.487598580114379956e+03 -5.419614791870117188e+00 1.168614506721496582e+00 -4.235984177476170842e+00
1.487599969009927008e+03 -2.348162651062011719e+00 1.169656395912170410e+00 -3.317091705989705375e+00
1.487601357905474060e+03 -1.902348756790161133e+00 1.169698357582092285e+00 -2.367723515090736086e+00
1.487602746801254852e+03 -8.877984881401062012e-01 1.170434713363647461e+00 -1.386518717564788616e+00
1.487604135696801904e+03 -2.565823316574096680e+00 1.170321464538574219e+00 -3.723460841666970111e-01
1.487605524592349184e+03 8.776890039443969727e-01 1.171527504920959473e+00 6.756758998529566185e-01
1.487606913487896918e+03 2.341116666793823242e+00 1.172493338584899902e+00 1.758159811400927808e+00
1.487608302383444197e+03 2.200426101684570312e+00 1.172321200370788574e+00 2.875433635503910068e+00
1.487609691278991249e+03 3.671359300613403320e+00 1.172887802124023438e+00 4.027527941926400956e+00
1.487611080174772042e+03 5.083932876586914062e+00 1.173513174057006836e+00 5.214166451062540730e+00
1.487612469070319094e+03 6.401844978332519531e+00 1.174099326133728027e+00 6.434758938447471266e+00
1.487613857965866146e+03 1.046785831451416016e+01 1.175091624259948730e+00 7.688399592057137966e+00
1.487615246861414107e+03 9.319280624389648438e+00 1.175365686416625977e+00 8.973866863050350418e+00
1.487616635756961159e+03 1.060571575164794922e+01 1.175050139427185059e+00 1.028962772385155766e+01
1.487618024652508439e+03 1.256657600402832031e+01 1.175822257995605469e+00 1.163384496129782342e+01
1.487619413548056173e+03 1.381923580169677734e+01 1.176142454147338867e+00 1.300438730534514420e+01
1.487620802443603452e+03 1.554014968872070312e+01 1.177651286125183105e+00 1.439884180573658412e+01
1.487622191339150731e+03 1.677818107604980469e+01 1.177091717720031738e+00 1.581452761442259103e+01
1.487623580234698466e+03 1.943123817443847656e+01 1.178649783134460449e+00 1.724851009777217570e+01
1.487624969130245745e+03 1.771116638183593750e+01 1.179906249046325684e+00 1.869761405365277795e+01
1.487626358025792797e+03 2.162293243408203125e+01 1.179358839988708496e+00 2.015843478081036366e+01
1.487627746921340758e+03 2.052804374694824219e+01 1.179605603218078613e+00 2.162734590193626616e+01
1.487629135816887811e+03 2.425178718566894531e+01 1.180669307708740234e+00 2.310050324939316724e+01
1.487630524712434863e+03 2.353684616088867188e+01 1.180763244628906250e+00 2.457384478401092309e+01
1.487631913607982597e+03 2.519166564941406250e+01 1.181533217430114746e+00 2.604308733478677595e+01
1.487633302503297045e+03 2.834376335144042969e+01 1.182180523872375488e+00 2.750372169018167057e+01
1.487634691398844325e+03 3.454387664794921875e+01 1.185240983963012695e+00 2.895101019287160682e+01
1.487636080294392059e+03 3.139285087585449219e+01 1.183341860771179199e+00 3.037998654188056591e+01
1.487637469189939793e+03 3.127199745178222656e+01 1.184834361076354980e+00 3.178546640762425213e+01
1.487638858085487072e+03 3.309997940063476562e+01 1.184457659721374512e+00 3.316206867001070435e+01
1.487640246981034352e+03 3.639253616333007812e+01 1.186484575271606445e+00 3.450425144368907127e+01
1.487641635876349255e+03 3.662038421630859375e+01 1.185957312583923340e+00 3.580636377785229030e+01
1.487643024771896535e+03 3.791409683227539062e+01 1.186979293823242188e+00 3.706271392793381381e+01
1.487644413667443587e+03 3.965607452392578125e+01 1.187325596809387207e+00 3.826764861971643228e+01
1.487645802562991548e+03 3.918107604980468750e+01 1.186946988105773926e+00 3.941564352861925613e+01
1.487647191458305770e+03 4.312347793579101562e+01 1.188653230667114258e+00 4.050139594200929594e+01
1.487648580353852822e+03 4.102376556396484375e+01 1.188482403755187988e+00 4.151991566271484402e+01
1.487649969249400783e+03 4.231563568115234375e+01 1.188395380973815918e+00 4.246660485361597637e+01
1.487651358144715005e+03 4.241290283203125000e+01 1.188348770141601562e+00 4.333732476337992523e+01
1.487652747040262284e+03 4.335530853271484375e+01 1.189109086990356445e+00 4.412844333051224766e+01
1.487654135935810018e+03 4.619998550415039062e+01 1.189360499382019043e+00 4.483686045895662886e+01
1.487655524831124467e+03 4.573410415649414062e+01 1.189832329750061035e+00 4.546001359649931572e+01
1.487656913726671519e+03 4.558062744140625000e+01 1.189229011535644531e+00 4.599586398971644741e+01
1.487658302621986650e+03 4.725834274291992188e+01 1.189806461334228516e+00 4.644286654412033499e+01
1.487659691517533702e+03 4.651506423950195312e+01 1.189940333366394043e+00 4.679993031327845188e+01
1.487661080413080754e+03 4.435538482666015625e+01 1.190059423446655273e+00 4.706637194571116822e+01
1.487662469308395885e+03 4.667000198364257812e+01 1.190368771553039551e+00 4.724186891317860670e+01
1.487663858203942937e+03 4.553773880004882812e+01 1.189678668975830078e+00 4.732641521557589925e+01
1.487665247099256703e+03 4.785350418090820312e+01 1.190388798713684082e+00 4.732028222068285572e+01
1.487666635994804665e+03 4.539299011230468750e+01 1.189916968345642090e+00 4.722398629087276589e+01
1.487668024890119568e+03 4.604359436035156250e+01 1.189913392066955566e+00 4.703826269031763729e+01
1.487669413785665938e+03 4.644330215454101562e+01 1.189960122108459473e+00 4.676404458273708542e+01
1.487670802680980842e+03 4.698064041137695312e+01 1.189411997795104980e+00 4.640244583206620632e+01
1.487672191576295972e+03 4.795077133178710938e+01 1.190413594245910645e+00 4.595474470270333001e+01
1.487673580471842570e+03 4.353720092773437500e+01 1.189794301986694336e+00 4.542236756750739346e+01
1.487674969367157473e+03 4.586369323730468750e+01 1.189126610755920410e+00 4.480687129346905095e+01
1.487676358262705207e+03 4.282976531982421875e+01 1.188390016555786133e+00 4.410992256919166010e+01
1.487677747158018974e+03 4.384439468383789062e+01 1.188718318939208984e+00 4.333327693943189729e+01
1.487679136053334105e+03 3.968716430664062500e+01 1.187277674674987793e+00 4.247875545680646070e+01
1.487680524948881839e+03 4.096126937866210938e+01 1.188232183456420898e+00 4.154822314585904053e+01
1.487681913844195378e+03 3.866893768310546875e+01 1.187079071998596191e+00 4.054357017713594757e+01
1.487683302739510509e+03 4.001541900634765625e+01 1.186765789985656738e+00 3.946669578535466627e+01
1.487684691635058471e+03 3.626111602783203125e+01 1.186694860458374023e+00 3.831949921041078255e+01
1.487686080530372010e+03 3.713505172729492188e+01 1.186120033264160156e+00 3.710387751020149949e+01
1.487687469425686913e+03 3.382725143432617188e+01 1.185117602348327637e+00 3.582172868472444094e+01
1.487688858321002044e+03 3.318483734130859375e+01 1.185042858123779297e+00 3.447496366651914457e+01
1.487690247216548414e+03 3.244416427612304688e+01 1.184532284736633301e+00 3.306552335473477910e+01
1.487691636111863545e+03 3.007333183288574219e+01 1.183870792388916016e+00 3.159540211875144777e+01
1.487693025007178449e+03 2.798579597473144531e+01 1.183352351188659668e+00 3.006667256924266951e+01
1.487694413902491988e+03 2.680612182617187500e+01 1.182459712028503418e+00 2.848151465904980029e+01
1.487695802797807119e+03 2.581072044372558594e+01 1.182040929794311523e+00 2.684224395040191169e+01
1.487697191693355080e+03 2.494635581970214844e+01 1.181560873985290527e+00 2.515133860267604149e+01
1.487698580588668619e+03 2.387329292297363281e+01 1.180443882942199707e+00 2.341146515853264987e+01
1.487699969483983523e+03 1.958165550231933594e+01 1.178534150123596191e+00 2.162549774177935547e+01
1.487701358379298654e+03 2.097837638854980469e+01 1.179138422012329102e+00 1.979653552017346385e+01
1.487702747274612420e+03 1.668803787231445312e+01 1.177595496177673340e+00 1.792791363450341180e+01
1.487704136169927324e+03 1.489444255828857422e+01 1.177286744117736816e+00 1.602320904727516648e+01
1.487705525065242227e+03 1.444097042083740234e+01 1.177044510841369629e+00 1.408624106878519910e+01
1.487706913960555994e+03 1.100710868835449219e+01 1.175193190574645996e+00 1.212106677047630754e+01
1.487708302855871125e+03 1.061122989654541016e+01 1.175408005714416504e+00 1.013197171679003361e+01
1.487709691751186028e+03 9.601886749267578125e+00 1.174434185028076172e+00 8.123456572065368420e+00
1.487711080646499568e+03 4.700614452362060547e+00 1.173058271408081055e+00 6.100220159017677446e+00
1.487712469541814471e+03 2.008575201034545898e+00 1.171503782272338867e+00 4.067139617143666896e+00
1.487713858437129602e+03 1.344028234481811523e+00 1.171614766120910645e+00 2.029248279934892096e+00
1.487715247332443369e+03 -2.772455662488937378e-02 1.170884490013122559e+00 -8.288222632435449100e-03
1.487716636227758272e+03 -1.213140785694122314e-01 1.171012639999389648e+00 -2.040197177333169520e+00
1.487718025123073176e+03 -4.297535896301269531e+00 1.169169902801513672e+00 -4.061124966813545178e+00
1.487719414018386942e+03 -6.562065601348876953e+00 1.168363451957702637e+00 -6.065664042985030591e+00
1.487720802913702073e+03 -8.655575752258300781e+00 1.168081760406494141e+00 -8.048380593429271812e+00
1.487722191808784146e+03 -8.950130462646484375e+00 1.166372776031494141e+00 -1.000384258483888544e+01
1.487723580704097685e+03 -1.220217418670654297e+01 1.166468620300292969e+00 -1.192665028810213634e+01
1.487724969599412816e+03 -1.450239372253417969e+01 1.164670825004577637e+00 -1.381146452780135370e+01
1.487726358494727947e+03 -1.630134963989257812e+01 1.163889050483703613e+00 -1.565303938836004605e+01
1.487727747390041486e+03 -1.845291328430175781e+01 1.162878751754760742e+00 -1.744625463914950458e+01
1.487729136285356390e+03 -1.861772918701171875e+01 1.163249850273132324e+00 -1.918614991930311930e+01
1.487730525180438690e+03 -2.284296607971191406e+01 1.161573767662048340e+00 -2.086796001534008127e+01
1.487731914075752229e+03 -2.222422027587890625e+01 1.161746978759765625e+00 -2.248715271979129326e+01
1.487733302971067360e+03 -2.332776451110839844e+01 1.160705208778381348e+00 -2.403946462406669582e+01
1.487734691866149433e+03 -2.760370254516601562e+01 1.160050511360168457e+00 -2.552093956650402973e+01
1.487736080761462972e+03 -2.748269271850585938e+01 1.159381628036499023e+00 -2.692796608888936660e+01
1.487737469656778103e+03 -2.944432067871093750e+01 1.158140182495117188e+00 -2.825731079550930502e+01
1.487738858552093234e+03 -2.810573005676269531e+01 1.159030318260192871e+00 -2.950615104146558920e+01
1.487740247447173942e+03 -3.014608764648437500e+01 1.158793687820434570e+00 -3.067210172376211119e+01
1.487741636342488846e+03 -3.249463653564453125e+01 1.157326221466064453e+00 -3.175323757287762305e+01
1.487743025237571146e+03 -3.361564254760742188e+01 1.157445311546325684e+00 -3.274810657268856318e+01
1.487744414132885368e+03 -3.375656127929687500e+01 1.156031131744384766e+00 -3.365573869173665855e+01
1.487745803028200498e+03 -3.433716964721679688e+01 1.157273173332214355e+00 -3.447564420469784352e+01
1.487747191923281889e+03 -3.426104354858398438e+01 1.156354904174804688e+00 -3.520780626835118454e+01
1.487748580818596338e+03 -3.464213943481445312e+01 1.156251430511474609e+00 -3.585266650878349282e+01
1.487749969713678411e+03 -3.597368240356445312e+01 1.156658768653869629e+00 -3.641110398598024034e+01
1.487751358608992859e+03 -3.572982788085937500e+01 1.155763268470764160e+00 -3.688441191770652949e+01
1.487752747504074478e+03 -3.526494598388671875e+01 1.155864000320434570e+00 -3.727427052194654067e+01
1.487754136399389381e+03 -3.762605285644531250e+01 1.155460476875305176e+00 -3.758272049107458201e+01
1.487755525294470772e+03 -3.654793548583984375e+01 1.155143618583679199e+00 -3.781213565914364949e+01
1.487756914189784993e+03 -3.584463500976562500e+01 1.156700611114501953e+00 -3.796519744636550797e+01
1.487758303084867293e+03 -3.627513122558593750e+01 1.155234456062316895e+00 -3.804486914948479637e+01
1.487759691980181515e+03 -3.732851028442382812e+01 1.155137419700622559e+00 -3.805437031287218019e+01
1.487761080875263133e+03 -3.524488067626953125e+01 1.156543612480163574e+00 -3.799714873552551353e+01
1.487762469770345206e+03 -3.556976318359375000e+01 1.155818700790405273e+00 -3.787684865192674977e+01
1.487763858665659654e+03 -3.657481765747070312e+01 1.155697703361511230e+00 -3.769727298637448598e+01
1.487765247560741273e+03 -3.769046020507812500e+01 1.154573440551757812e+00 -3.746233861051207015e+01
1.487766636456056176e+03 -3.665178680419921875e+01 1.155475616455078125e+00 -3.717602360901462077e+01
1.487768025351137794e+03 -3.865431213378906250e+01 1.155097365379333496e+00 -3.684230826621170962e+01
1.487769414246219185e+03 -3.597636413574218750e+01 1.156437039375305176e+00 -3.646511076789549577e+01
1.487770803141301485e+03 -3.749654388427734375e+01 1.155802845954895020e+00 -3.604822220955617240e+01
1.487772192036615706e+03 -3.743527221679687500e+01 1.155576705932617188e+00 -3.559524456813556270e+01
1.487773580931697097e+03 -3.527612686157226562e+01 1.156321406364440918e+00 -3.510953732391819671e+01
1.487774969826779397e+03 -3.449516677856445312e+01 1.156745076179504395e+00 -3.459417633504158118e+01
1.487776358722093619e+03 -3.359297180175781250e+01 1.156947851181030273e+00 -3.405193033800846081e+01
1.487777747617175237e+03 -3.394496536254882812e+01 1.156506180763244629e+00 -3.348525696700566101e+01
1.487779136512257310e+03 -3.155636596679687500e+01 1.157195210456848145e+00 -3.289631789729030231e+01
1.487780525407338928e+03 -3.182863426208496094e+01 1.158131957054138184e+00 -3.228701324136873296e+01
1.487781914302420319e+03 -3.238810348510742188e+01 1.158203125000000000e+00 -3.165903018701055061e+01
1.487783303197502619e+03 -3.104139328002929688e+01 1.158176779747009277e+00 -3.101390111536584016e+01
1.487784692092816840e+03 -3.170586395263671875e+01 1.157264471054077148e+00 -3.035306469957998843e+01
1.487786080987898231e+03 -3.093401718139648438e+01 1.158558130264282227e+00 -2.967792414199654871e+01
1.487787469882980531e+03 -2.799728202819824219e+01 1.159159183502197266e+00 -2.898989499267279513e+01
1.487788858778061922e+03 -2.539860534667968750e+01 1.159684538841247559e+00 -2.829044018223214607e+01
1.487790247673143540e+03 -2.634506797790527344e+01 1.159644126892089844e+00 -2.758108783901835892e+01
1.487791636568225613e+03 -2.691319274902343750e+01 1.159676313400268555e+00 -2.686343181168715688e+01
1.487793025463307231e+03 -2.474408912658691406e+01 1.159718632698059082e+00 -2.613911597015871990e+01
1.487794414358388849e+03 -2.203229141235351562e+01 1.161935091018676758e+00 -2.540980506528200777e+01
1.487795803253470922e+03 -2.232914352416992188e+01 1.160882830619812012e+00 -2.467714599572246215e+01
1.487797192148552313e+03 -2.196221351623535156e+01 1.161945223808288574e+00 -2.394272378634498821e+01
1.487798581043633703e+03 -2.191189575195312500e+01 1.162480473518371582e+00 -2.320801646459935696e+01
1.487799969938716004e+03 -2.194406318664550781e+01 1.161498188972473145e+00 -2.247435244694451129e+01
1.487801358833797394e+03 -2.157544898986816406e+01 1.161495804786682129e+00 -2.174287315705947066e+01
1.487802747728879012e+03 -1.602754974365234375e+01 1.163494110107421875e+00 -2.101450259246240293e+01
1.487804136623961085e+03 -2.006423187255859375e+01 1.163411855697631836e+00 -2.028992461287537452e+01
1.487805525519042703e+03 -1.780843162536621094e+01 1.162678956985473633e+00 -1.956956791285646702e+01
1.487806914414124321e+03 -1.844487190246582031e+01 1.162886738777160645e+00 -1.885359808377884505e+01
1.487808303308972881e+03 -1.726948738098144531e+01 1.163319468498229980e+00 -1.814191596960534980e+01
1.487809692204054272e+03 -1.574325942993164062e+01 1.164742112159729004e+00 -1.743416057033408961e+01
1.487811081099136572e+03 -1.668964576721191406e+01 1.163504481315612793e+00 -1.672971730507388699e+01
1.487812469994217963e+03 -1.653662681579589844e+01 1.163727164268493652e+00 -1.602772841920208080e+01
1.487813858889299581e+03 -1.583837985992431641e+01 1.163862705230712891e+00 -1.532710667578463060e+01
1.487815247784381654e+03 -1.523954582214355469e+01 1.164397239685058594e+00 -1.462655116136657441e+01
1.487816636679230442e+03 -1.333888149261474609e+01 1.165456175804138184e+00 -1.392456512616080389e+01
1.487818025574311832e+03 -1.335358619689941406e+01 1.165217638015747070e+00 -1.321947495082320678e+01
1.487819414469394133e+03 -1.244901561737060547e+01 1.164902567863464355e+00 -1.250945187233931577e+01
1.487820803364242693e+03 -1.342864131927490234e+01 1.165345430374145508e+00 -1.179253413409653284e+01
1.487822192259324083e+03 -9.110197067260742188e+00 1.166731357574462891e+00 -1.106665049460131556e+01
1.487823581154406384e+03 -1.149780273437500000e+01 1.166028499603271484e+00 -1.032964609358366559e+01
1.487824970049487774e+03 -1.137380790710449219e+01 1.165606975555419922e+00 -9.579308255088015756e+00
1.487826358944336562e+03 -7.289796829223632812e+00 1.168246626853942871e+00 -8.813393992932683219e+00
1.487827747839418635e+03 -8.340879440307617188e+00 1.167198896408081055e+00 -8.029657546022249903e+00
1.487829136734267422e+03 -6.455609321594238281e+00 1.167699575424194336e+00 -7.225879905533472147e+00
1.487830525629349040e+03 -5.825832843780517578e+00 1.167950510978698730e+00 -6.399896701777429975e+00
1.487831914524431113e+03 -7.322652816772460938e+00 1.168345093727111816e+00 -5.549628119572602714e+00
1.487833303419279900e+03 -7.224161624908447266e+00 1.167771697044372559e+00 -4.673107221218719687e+00
1.487834692314361291e+03 -4.547899246215820312e+00 1.168540000915527344e+00 -3.768507588090885818e+00
1.487836081209210761e+03 -1.324345350265502930e+00 1.170063018798828125e+00 -2.834171506565508203e+00
1.487837470104292152e+03 -1.783408880233764648e+00 1.169887661933898926e+00 -1.868634586524642316e+00
1.487838858999140712e+03 5.309022665023803711e-01 1.171395301818847656e+00 -8.706511710577791163e-01
1.487840247894222784e+03 -2.580987811088562012e-01 1.171061635017395020e+00 1.607848116800258964e-01
1.487841636789071572e+03 1.571645379066467285e+00 1.171455740928649902e+00 1.226418695652986557e+00
1.487843025684153190e+03 2.343490839004516602e+00 1.172515511512756348e+00 2.326719274658772818e+00
1.487844414579002432e+03 3.074285745620727539e+00 1.171901941299438477e+00 3.461863062298231597e+00
1.487845803474084050e+03 2.473229646682739258e+00 1.172155261039733887e+00 4.631724554560845419e+00
1.487847192368932610e+03 7.470236301422119141e+00 1.174141049385070801e+00 5.835866772643028000e+00
1.487848581263782080e+03 8.283132553100585938e+00 1.174720287322998047e+00 7.073538090204278816e+00
1.487849970158863471e+03 7.219643115997314453e+00 1.173781514167785645e+00 8.343670613138343128e+00
1.487851359053712940e+03 9.289564132690429688e+00 1.174837231636047363e+00 9.644881934392390832e+00
1.487852747948795013e+03 1.032448768615722656e+01 1.175082206726074219e+00 1.097548238382284325e+01
1.487854136843642891e+03 1.364645576477050781e+01 1.176085114479064941e+00 1.233348209387807870e+01
1.487855525738492361e+03 1.332065391540527344e+01 1.176369309425354004e+00 1.371660392607121359e+01
1.487856914633341603e+03 1.390294647216796875e+01 1.176353573799133301e+00 1.512229579138146818e+01
1.487858303528422539e+03 1.721779060363769531e+01 1.177654266357421875e+00 1.654774521372126372e+01
1.487859692423271781e+03 1.752498245239257812e+01 1.178331255912780762e+00 1.798989218678048729e+01
1.487861081318121023e+03 1.964330863952636719e+01 1.178998351097106934e+00 1.944544286867255778e+01
1.487862470212969129e+03 1.952000236511230469e+01 1.179183244705200195e+00 2.091087815281911233e+01
1.487863859108051429e+03 2.169477081298828125e+01 1.180174469947814941e+00 2.238246001345922664e+01
1.487865248002900671e+03 2.324321174621582031e+01 1.180310845375061035e+00 2.385623231581091019e+01
1.487866636897748549e+03 2.663694190979003906e+01 1.181636929512023926e+00 2.532802042927495734e+01
1.487868025792598019e+03 2.654404067993164062e+01 1.182156324386596680e+00 2.679342598555511756e+01
1.487869414687447488e+03 2.837210083007812500e+01 1.182401180267333984e+00 2.824782272055048793e+01
1.487870803582295366e+03 2.989189720153808594e+01 1.183398962020874023e+00 2.968635502870831289e+01
1.487872192477377439e+03 3.047993278503417969e+01 1.184065580368041992e+00 3.110394330197596702e+01
1.487873581372226909e+03 3.107692909240722656e+01 1.184255480766296387e+00 3.249529828392572028e+01
1.487874970267075014e+03 3.234782028198242188e+01 1.184511065483093262e+00 3.385495117664594034e+01
1.487876359161924256e+03 3.418652343750000000e+01 1.185807228088378906e+00 3.517729679714354063e+01
1.487877748056773498e+03 3.632767105102539062e+01 1.186811566352844238e+00 3.645665383809615179e+01
1.487879136951621376e+03 3.807669067382812500e+01 1.186803936958312988e+00 3.768733943971525235e+01
1.487880525846470846e+03 3.733540344238281250e+01 1.186425328254699707e+00 3.886375501357441919e+01
1.487881914741320315e+03 3.949493408203125000e+01 1.187377691268920898e+00 3.998047837128871151e+01
1.487883303636168193e+03 4.072859573364257812e+01 1.188372969627380371e+00 4.103235612689037737e+01
1.487884692531017436e+03 4.056125640869140625e+01 1.188413977622985840e+00 4.201458990526307957e+01
1.487886081425866905e+03 4.354325485229492188e+01 1.188555955886840820e+00 4.292281029732092179e+01
1.487887470320715011e+03 4.432360076904296875e+01 1.190392374992370605e+00 4.375313369064181757e+01
1.487888859215564253e+03 4.718987274169921875e+01 1.190289258956909180e+00 4.450219882364380908e+01
1.487890248110413495e+03 4.422924423217773438e+01 1.188794851303100586e+00 4.516718199702074799e+01
1.487891637005028770e+03 4.509315109252929688e+01 1.189452052116394043e+00 4.574579191904959430e+01
1.487893025899878239e+03 4.710639572143554688e+01 1.190624356269836426e+00 4.623624762814615252e+01
1.487894414794727481e+03 4.725918579101562500e+01 1.190059900283813477e+00 4.663724231254029462e+01
1.487895803689575359e+03 4.649339294433593750e+01 1.190791606903076172e+00 4.694789991032255472e+01
1.487897192584424829e+03 4.989945220947265625e+01 1.190829396247863770e+00 4.716772792088641353e+01
1.487898581479274071e+03 5.034143829345703125e+01 1.191452503204345703e+00 4.729657134425968934e+01
1.487899970373889346e+03 4.717348861694335938e+01 1.189869642257690430e+00 4.733457086327219798e+01
1.487901359268738588e+03 4.663224411010742188e+01 1.190207242965698242e+00 4.728212713544044732e+01
1.487902748163587830e+03 4.677477264404296875e+01 1.190384745597839355e+00 4.713987163128430069e+01
1.487904137058435936e+03 4.886790084838867188e+01 1.190905809402465820e+00 4.690864345000722579e+01
1.487905525953052575e+03 4.588896560668945312e+01 1.189285635948181152e+00 4.658947049666051043e+01
1.487906914847901817e+03 4.480808639526367188e+01 1.189656853675842285e+00 4.618355278605434933e+01
1.487908303742749695e+03 4.370845413208007812e+01 1.188680648803710938e+00 4.569224676251204187e+01
1.487909692637366334e+03 4.553421401977539062e+01 1.189491033554077148e+00 4.511704813702554873e+01
1.487911081532215803e+03 4.314790725708007812e+01 1.188981771469116211e+00 4.445957254088406074e+01
1.487912470427063681e+03 4.363890838623046875e+01 1.189204335212707520e+00 4.372153509367726798e+01
1.487913859321680093e+03 4.040922927856445312e+01 1.187660217285156250e+00 4.290472782459664813e+01
1.487915248216529562e+03 4.065346527099609375e+01 1.187398672103881836e+00 4.201099680767050870e+01
1.487916637111377440e+03 3.940218734741210938e+01 1.187437176704406738e+00 4.104222219949993189e+01
1.487918026005994079e+03 4.046758651733398438e+01 1.187319517135620117e+00 4.000030048444070019e+01
1.487919414900843321e+03 3.685382461547851562e+01 1.186160922050476074e+00 3.888713150605283175e+01
1.487920803795458369e+03 3.569613265991210938e+01 1.185772299766540527e+00 3.770461356272258513e+01
1.487922192690307838e+03 3.537891006469726562e+01 1.185859203338623047e+00 3.645464272016462814e+01
1.487923581584924477e+03 3.409247207641601562e+01 1.185355544090270996e+00 3.513912230143523630e+01
1.487924970479772355e+03 3.104690742492675781e+01 1.183850884437561035e+00 3.375997575170064380e+01
1.487926359374388767e+03 2.922903442382812500e+01 1.183081269264221191e+00 3.231916863704920218e+01
1.487927748269238236e+03 2.767561531066894531e+01 1.182390451431274414e+00 3.081873141462532217e+01
1.487929137163853511e+03 2.667937088012695312e+01 1.182710051536560059e+00 2.926078876952753660e+01
1.487930526058702753e+03 2.478460311889648438e+01 1.180919408798217773e+00 2.764758614429441153e+01
1.487931914953319165e+03 2.414004516601562500e+01 1.180422186851501465e+00 2.598151988924190903e+01
1.487933303847934440e+03 2.213958930969238281e+01 1.180558443069458008e+00 2.426516146993140666e+01
1.487934692742783909e+03 2.170235443115234375e+01 1.179822325706481934e+00 2.250128108791149373e+01
1.487936081637400321e+03 1.729031944274902344e+01 1.178126215934753418e+00 2.069286725803021199e+01
1.487937470532015368e+03 1.644778442382812500e+01 1.177758932113647461e+00 1.884313878030341272e+01
1.487938859426864610e+03 1.403222560882568359e+01 1.177365422248840332e+00 1.695555406971571699e+01
1.487940248321481249e+03 1.323901176452636719e+01 1.176344394683837891e+00 1.503381524675617698e+01
1.487941637216096524e+03 1.213952636718750000e+01 1.175996184349060059e+00 1.308186409308875753e+01
1.487943026110945766e+03 1.023258209228515625e+01 1.175319433212280273e+00 1.110387592850758942e+01
1.487944415005562178e+03 7.560991764068603516e+00 1.174260497093200684e+00 9.104249180003076702e+00
1.487945803900177452e+03 6.975789546966552734e+00 1.174628138542175293e+00 7.087588092939078876e+00
1.487947192794793182e+03 4.776741981506347656e+00 1.172603726387023926e+00 5.058685549001351589e+00
1.487948581689642651e+03 2.301597595214843750e+00 1.173051714897155762e+00 3.022501313949099710e+00
1.487949970584258381e+03 -1.808606028556823730e+00 1.171257495880126953e+00 9.841403084134281443e-01
1.487951359478874338e+03 -2.156924486160278320e+00 1.170061111450195312e+00 -1.051174063973370210e+00
1.487952748373490749e+03 -3.965530633926391602e+00 1.169540762901306152e+00 -3.078124290344819158e+00
1.487954137268106706e+03 -8.622719764709472656e+00 1.168690562248229980e+00 -5.091325696114479271e+00
1.487955526162722663e+03 -8.425048828125000000e+00 1.167353391647338867e+00 -7.085353775242109187e+00
1.487956915057339074e+03 -1.016327095031738281e+01 1.167434930801391602e+00 -9.054772208486605578e+00
1.487958303952188317e+03 -1.188686561584472656e+01 1.165766119956970215e+00 -1.099416197211089496e+01
1.487959692846804273e+03 -1.622330665588378906e+01 1.164904475212097168e+00 -1.289814974531067193e+01
1.487961081741420003e+03 -1.719236373901367188e+01 1.164289236068725586e+00 -1.476144066253304388e+01
1.487962470636036642e+03 -1.674647521972656250e+01 1.163396835327148438e+00 -1.657884908301343785e+01
1.487963859530652371e+03 -1.969883346557617188e+01 1.163248419761657715e+00 -1.834533239212565547e+01
1.487965248425268101e+03 -2.134178161621093750e+01 1.162152290344238281e+00 -2.005602591418021063e+01
1.487966637319884740e+03 -2.235480117797851562e+01 1.161515235900878906e+00 -2.170627911373335195e+01
1.487968026214500469e+03 -2.390109443664550781e+01 1.160440444946289062e+00 -2.329169277703147145e+01
1.487969415109116426e+03 -2.476338958740234375e+01 1.159918904304504395e+00 -2.480815663839575080e+01
1.487970804003732837e+03 -2.585521697998046875e+01 1.159991860389709473e+00 -2.625188665000599642e+01
1.487972192898348794e+03 -2.897690963745117188e+01 1.158745884895324707e+00 -2.761946090693179201e+01
1.487973581792731920e+03 -3.001619529724121094e+01 1.159510970115661621e+00 -2.890785283133812200e+01
1.487974970687348332e+03 -3.056731986999511719e+01 1.158091068267822266e+00 -3.011446158703956399e+01
1.487976359581964289e+03 -3.291004562377929688e+01 1.158173561096191406e+00 -3.123713523039839401e+01
1.487977748476580018e+03 -3.319717025756835938e+01 1.156505465507507324e+00 -3.227418975781893096e+01
1.487979137371196657e+03 -3.292551422119140625e+01 1.156802892684936523e+00 -3.322441987084090442e+01
1.487980526265812387e+03 -3.377080535888671875e+01 1.157012343406677246e+00 -3.408710227827793915e+01
1.487981915160428116e+03 -3.540249633789062500e+01 1.155968546867370605e+00 -3.486199130822264891e+01
1.487983304054811697e+03 -3.482165908813476562e+01 1.156569957733154297e+00 -3.554930723079385757e+01
1.487984692949427654e+03 -3.655390930175781250e+01 1.155609369277954102e+00 -3.614971898980701326e+01
1.487986081844043611e+03 -3.517901611328125000e+01 1.157247662544250488e+00 -3.666432108012862301e+01
1.487987470738660022e+03 -3.709109115600585938e+01 1.155404567718505859e+00 -3.709460851348811161e+01
1.487988859633043148e+03 -3.683161544799804688e+01 1.156061172485351562e+00 -3.744244968050614375e+01
1.487990248527658878e+03 -3.514654159545898438e+01 1.156074762344360352e+00 -3.771005948764172189e+01
1.487991637422275517e+03 -3.702836608886718750e+01 1.155138015747070312e+00 -3.789997261345634172e+01
1.487993026316658415e+03 -3.730584335327148438e+01 1.157209277153015137e+00 -3.801501814506169552e+01
1.487994415211274145e+03 -3.785129547119140625e+01 1.155282139778137207e+00 -3.805829412390026789e+01
1.487995804105890784e+03 -3.784593582153320312e+01 1.155692338943481445e+00 -3.803314077325880760e+01
1.487997193000273683e+03 -3.613214111328125000e+01 1.155730366706848145e+00 -3.794311093213331532e+01
1.487998581894889639e+03 -3.672247695922851562e+01 1.155606031417846680e+00 -3.779193531809943352e+01
1.487999970789506051e+03 -3.752625656127929688e+01 1.155626058578491211e+00 -3.758348136053779598e+01
1.488001359683889177e+03 -3.783613204956054688e+01 1.154878139495849609e+00 -3.732170439389071248e+01
1.488002748578504907e+03 -3.520360183715820312e+01 1.156121850013732910e+00 -3.701059129770434453e+01
1.488004137472888715e+03 -3.569934844970703125e+01 1.156055927276611328e+00 -3.665409875347691582e+01
1.488005526367504444e+03 -3.859395980834960938e+01 1.154921650886535645e+00 -3.625608773154520748e+01
1.488006915261887343e+03 -3.697000885009765625e+01 1.155833125114440918e+00 -3.582025986303926857e+01
1.488008304156503982e+03 -3.645434570312500000e+01 1.156603097915649414e+00 -3.535009859279703193e+01
1.488009693050886881e+03 -3.715044403076171875e+01 1.155437231063842773e+00 -3.484882218820417421e+01
1.488011081945502838e+03 -3.473626327514648438e+01 1.156619310379028320e+00 -3.431935072410863086e+01
1.488012470839886419e+03 -3.633885192871093750e+01 1.155846118927001953e+00 -3.376429281721060249e+01
1.488013859734502375e+03 -3.411835861206054688e+01 1.157003760337829590e+00 -3.318595094685661451e+01
1.488015248628885502e+03 -3.445833206176757812e+01 1.156807541847229004e+00 -3.258634762844580735e+01
1.488016637523269083e+03 -3.294374084472656250e+01 1.157171964645385742e+00 -3.196726688713691544e+01
1.488018026417885039e+03 -3.077517700195312500e+01 1.158077955245971680e+00 -3.133030881935772172e+01
1.488019415312267938e+03 -3.065799903869628906e+01 1.158104181289672852e+00 -3.067695044879126343e+01
1.488020804206651746e+03 -2.878214836120605469e+01 1.159268379211425781e+00 -3.000860533597915492e+01
1.488022193101267476e+03 -2.857505607604980469e+01 1.159810304641723633e+00 -2.932667757700624378e+01
1.488023581995650375e+03 -2.930837821960449219e+01 1.158593535423278809e+00 -2.863260398130962159e+01
1.488024970890033956e+03 -2.995638275146484375e+01 1.158777594566345215e+00 -2.792787965487875113e+01
1.488026359784649912e+03 -2.569430732727050781e+01 1.160238742828369141e+00 -2.721406730574804556e+01
1.488027748679033039e+03 -2.745856857299804688e+01 1.159433245658874512e+00 -2.649278955428502513e+01
1.488029137573416619e+03 -2.533986282348632812e+01 1.161020278930664062e+00 -2.576570519750487165e+01
1.488030526467799746e+03 -2.188302421569824219e+01 1.161629319190979004e+00 -2.503447510516798502e+01
1.488031915362415475e+03 -2.327116584777832031e+01 1.161700606346130371e+00 -2.430071998798344168e+01
1.488033304256799283e+03 -2.434759902954101562e+01 1.161436557769775391e+00 -2.356597580844188400e+01
1.488034693151182182e+03 -2.294367790222167969e+01 1.161876797676086426e+00 -2.283164880848775979e+01
1.488036082045565081e+03 -2.191197204589843750e+01 1.162101745605468750e+00 -2.209897578832520537e+01
1.488037470939948889e+03 -2.152474784851074219e+01 1.162687659263610840e+00 -2.136899001459691050e+01
1.488038859834331788e+03 -2.080168914794921875e+01 1.162158370018005371e+00 -2.064249470747336801e+01
1.488040248728714914e+03 -1.960654640197753906e+01 1.163571715354919434e+00 -1.992004431002347786e+01
1.488041637623331326e+03 -1.947443199157714844e+01 1.163527011871337891e+00 -1.920193307853357112e+01
1.488043026517714452e+03 -1.938314056396484375e+01 1.162989020347595215e+00 -1.848819091741393805e+01
1.488044415412097351e+03 -1.742350578308105469e+01 1.164372563362121582e+00 -1.777858365750883962e+01
1.488045804306481159e+03 -1.629422760009765625e+01 1.163905382156372070e+00 -1.707261916987490480e+01
1.488047193200864058e+03 -1.641102218627929688e+01 1.164751887321472168e+00 -1.636955659718108791e+01
1.488048582095246957e+03 -1.594858837127685547e+01 1.164938569068908691e+00 -1.566841868251134251e+01
1.488049970989630765e+03 -1.533458995819091797e+01 1.164650917053222656e+00 -1.496800653555929728e+01
1.488051359884013664e+03 -1.311348628997802734e+01 1.165753364562988281e+00 -1.426691645228106431e+01
1.488052748778396790e+03 -1.384075736999511719e+01 1.164522051811218262e+00 -1.356355853436852499e+01
1.488054137672780371e+03 -1.511126136779785156e+01 1.165090441703796387e+00 -1.285617695493035484e+01
1.488055526566930666e+03 -1.260961818695068359e+01 1.165764927864074707e+00 -1.214287186846285671e+01
1.488056915461313793e+03 -1.392684173583984375e+01 1.166218757629394531e+00 -1.142162214721564872e+01
1.488058304355697373e+03 -1.235067749023437500e+01 1.166332960128784180e+00 -1.069031063987202401e+01
1.488059693250080500e+03 -1.255317401885986328e+01 1.166258335113525391e+00 -9.946749440251533514e+00
1.488061082144463398e+03 -9.897359848022460938e+00 1.166869878768920898e+00 -9.188706808928470693e+00
1.488062471038847207e+03 -8.926005363464355469e+00 1.166801571846008301e+00 -8.413934862971927942e+00
1.488063859933230106e+03 -9.089672088623046875e+00 1.167263746261596680e+00 -7.620197949663842785e+00
1.488065248827380174e+03 -5.617745399475097656e+00 1.169253230094909668e+00 -6.805301600049107336e+00
1.488066637721763755e+03 -6.913907051086425781e+00 1.168136835098266602e+00 -5.967120978488393845e+00
1.488068026616146881e+03 -6.271800041198730469e+00 1.168539643287658691e+00 -5.103630583529250586e+00
1.488069415510530462e+03 -6.521321296691894531e+00 1.168769359588623047e+00 -4.212932143470626833e+00
1.488070804404681439e+03 -5.685831546783447266e+00 1.169195771217346191e+00 -3.293282565938415729e+00
1.488072193299063883e+03 -4.323345661163330078e+00 1.170273303985595703e+00 -2.343119832683315806e+00
1.488073582193447464e+03 -2.317451238632202148e+00 1.170291781425476074e+00 -1.361088937826271383e+00
1.488074971087831045e+03 -4.201572239398956299e-01 1.171410083770751953e+00 -3.460644501425136355e-01
1.488076359981980659e+03 2.940487861633300781e+00 1.172370553016662598e+00 7.028281712586625929e-01
1.488077748876364467e+03 1.645322203636169434e+00 1.172346234321594238e+00 1.786194787555483998e+00
